sort	bubble	quick	merge
time	2.20(s)	2.08(s)	0.10(s)

2
6
32
80
81
93
103
124
141
209
226
252
255
266
275
342
383
421
449
450
463
475
504
549
557
561
563
564
587
596
600
627
634
661
671
676
685
717
759
800
836
878
886
894
898
918
920
941
1002
1017
1023
1064
1072
1148
1152
1204
1233
1261
1264
1266
1282
1291
1325
1367
1379
1381
1391
1394
1415
1424
1426
1457
1460
1473
1498
1503
1528
1555
1577
1578
1617
1640
1646
1665
1690
1692
1699
1705
1711
1725
1731
1753
1766
1890
1901
1939
1942
1966
1976
1994
2031
2043
2055
2160
2184
2189
2195
2203
2223
2235
2258
2305
2312
2340
2353
2356
2366
2390
2390
2403
2437
2450
2458
2467
2478
2496
2500
2545
2553
2622
2667
2714
2721
2724
2727
2738
2783
2792
2796
2807
2843
2877
2909
2918
2931
2932
2961
2968
2999
3000
3038
3056
3068
3071
3082
3091
3106
3113
3119
3178
3184
3207
3211
3215
3233
3246
3308
3310
3311
3324
3327
3332
3334
3391
3434
3475
3481
3501
3507
3534
3574
3575
3585
3593
3611
3642
3674
3703
3745
3766
3778
3789
3793
3796
3814
3821
3830
3853
3883
3891
3907
3922
3934
3958
3995
4038
4044
4090
4109
4141
4165
4170
4220
4232
4238
4240
4250
4294
4298
4308
4316
4322
4408
4423
4445
4458
4514
4518
4538
4540
4543
4573
4580
4610
4610
4620
4626
4658
4658
4681
4701
4736
4739
4740
4765
4771
4783
4785
4799
4801
4840
4844
4846
4859
4877
4879
4899
4916
4969
5093
5096
5118
5134
5137
5163
5167
5173
5223
5271
5278
5361
5363
5370
5398
5423
5498
5504
5508
5508
5513
5543
5548
5561
5600
5600
5625
5655
5693
5693
5696
5696
5714
5718
5724
5741
5753
5758
5760
5781
5798
5798
5803
5804
5842
5850
5860
5879
5916
5953
5954
5982
6032
6042
6114
6125
6143
6191
6230
6247
6281
6329
6352
6356
6404
6458
6470
6473
6488
6527
6527
6546
6610
6653
6660
6682
6690
6692
6699
6702
6719
6729
6734
6743
6758
6762
6794
6798
6830
6852
6853
6876
6903
6909
6913
6925
6926
6937
6946
6950
6966
6970
7005
7020
7030
7050
7052
7057
7085
7105
7114
7130
7144
7170
7174
7182
7220
7239
7250
7296
7312
7334
7340
7353
7387
7388
7391
7410
7417
7438
7446
7468
7480
7499
7505
7528
7550
7557
7595
7618
7642
7653
7661
7666
7669
7694
7704
7706
7713
7724
7731
7735
7809
7811
7822
7830
7834
7837
7910
7920
7939
7972
8010
8012
8012
8024
8027
8033
8035
8071
8089
8092
8104
8127
8132
8144
8162
8179
8200
8214
8214
8218
8228
8262
8271
8278
8282
8284
8316
8326
8347
8357
8435
8483
8516
8533
8542
8565
8582
8625
8626
8629
8633
8634
8635
8638
8655
8664
8672
8687
8721
8751
8762
8806
8851
8893
8916
8924
8927
8933
8961
8967
8972
9033
9037
9057
9090
9113
9118
9137
9159
9159
9169
9173
9202
9286
9307
9308
9320
9351
9354
9408
9417
9422
9425
9436
9443
9447
9456
9477
9489
9508
9516
9532
9548
9636
9638
9675
9698
9716
9734
9746
9762
9790
9794
9838
9924
9926
9939
9967
9975
9983
9988
9988
9995
10019
10051
10071
10089
10139
10141
10181
10201
10223
10248
10253
10266
10268
10275
10276
10283
10291
10292
10303
10316
10362
10367
10383
10421
10444
10462
10473
10521
10530
10546
10553
10558
10565
10570
10584
10585
10607
10610
10650
10733
10739
10762
10781
10792
10793
10800
10815
10820
10820
10824
10850
10860
10861
10880
10880
10913
10919
10945
10974
10978
11046
11099
11122
11140
11171
11181
11208
11218
11222
11225
11240
11254
11284
11311
11319
11324
11338
11352
11360
11384
11466
11477
11478
11495
11499
11506
11523
11537
11557
11575
11611
11611
11640
11681
11692
11714
11718
11722
11723
11732
11736
11738
11748
11752
11755
11790
11800
11806
11814
11815
11858
11880
11905
11939
12004
12005
12016
12030
12051
12052
12059
12059
12088
12101
12149
12158
12162
12185
12187
12205
12226
12241
12241
12248
12253
12269
12269
12280
12300
12319
12339
12371
12387
12470
12477
12505
12531
12534
12605
12620
12672
12672
12712
12727
12761
12787
12791
12816
12825
12833
12835
12839
12860
12870
12879
12894
12899
12910
12932
12958
12968
13016
13024
13028
13029
13037
13041
13061
13084
13096
13145
13157
13167
13221
13222
13226
13250
13262
13278
13286
13306
13332
13379
13388
13418
13419
13474
13503
13527
13533
13547
13551
13574
13625
13639
13644
13661
13677
13733
13735
13744
13746
13817
13906
13931
13970
13981
14000
14024
14059
14091
14098
14102
14110
14143
14162
14164
14165
14199
14207
14213
14247
14251
14259
14284
14285
14288
14300
14315
14316
14331
14337
14373
14408
14427
14433
14436
14478
14483
14504
14619
14658
14679
14690
14695
14709
14750
14772
14774
14822
14829
14833
14842
14887
14908
14919
14930
14937
14967
14993
15024
15031
15056
15068
15083
15132
15216
15256
15290
15297
15337
15387
15399
15412
15417
15446
15476
15493
15504
15508
15524
15533
15545
15549
15572
15572
15582
15592
15592
15611
15620
15628
15643
15717
15720
15728
15808
15827
15835
15841
15856
15900
15900
15910
15922
15923
15937
15941
15947
15949
15979
16009
16013
16023
16034
16036
16051
16064
16087
16097
16186
16204
16205
16212
16241
16261
16263
16281
16297
16302
16312
16312
16335
16336
16345
16392
16403
16412
16413
16428
16432
16445
16449
16456
16464
16477
16677
16694
16710
16746
16751
16785
16807
16860
16867
16960
16970
16973
16992
17033
17037
17043
17116
17135
17153
17153
17159
17162
17178
17195
17307
17313
17315
17332
17371
17379
17392
17424
17426
17429
17462
17484
17502
17502
17538
17584
17586
17592
17595
17596
17599
17626
17641
17679
17702
17738
17766
17815
17858
17928
17944
17966
18029
18032
18050
18058
18060
18061
18064
18081
18088
18091
18094
18108
18127
18158
18180
18196
18207
18223
18229
18232
18238
18238
18283
18294
18357
18362
18403
18462
18525
18539
18541
18548
18560
18575
18595
18622
18623
18644
18656
18665
18698
18729
18749
18752
18775
18778
18803
18824
18857
18873
18911
18915
18925
18948
18993
19010
19027
19064
19066
19109
19121
19172
19223
19226
19235
19236
19245
19290
19292
19311
19312
19315
19329
19332
19335
19351
19361
19376
19378
19445
19450
19455
19519
19541
19551
19559
19568
19578
19590
19602
19629
19653
19675
19714
19745
19792
19817
19821
19841
19865
19962
19977
20019
20027
20051
20052
20086
20098
20113
20115
20153
20202
20210
20263
20291
20300
20380
20386
20440
20461
20501
20503
20521
20568
20585
20599
20617
20645
20687
20728
20754
20766
20781
20788
20815
20869
20879
20887
20902
20923
20939
20951
20952
20961
21018
21028
21053
21074
21079
21083
21093
21097
21111
21116
21136
21178
21197
21212
21328
21340
21354
21429
21455
21455
21469
21518
21536
21616
21623
21628
21645
21671
21722
21731
21747
21765
21841
21891
21897
21902
21918
21950
21976
22013
22030
22036
22050
22089
22107
22121
22125
22126
22205
22281
22296
22302
22347
22369
22436
22464
22468
22480
22491
22501
22539
22540
22548
22555
22560
22568
22570
22576
22586
22587
22591
22647
22680
22747
22756
22759
22820
22846
22864
22910
22939
22955
22992
23007
23013
23016
23019
23023
23026
23038
23049
23066
23080
23133
23135
23139
23140
23172
23212
23360
23376
23388
23388
23410
23479
23512
23515
23515
23518
23518
23532
23549
23556
23562
23566
23625
23626
23676
23685
23696
23698
23703
23719
23798
23803
23807
23829
23832
23842
23870
23901
23939
23942
23954
23964
23977
24009
24012
24020
24045
24052
24062
24064
24083
24083
24103
24122
24146
24148
24150
24165
24171
24173
24175
24219
24221
24223
24263
24276
24299
24314
24328
24356
24411
24423
24451
24498
24508
24518
24524
24555
24558
24584
24608
24639
24648
24665
24677
24682
24742
24762
24793
24816
24818
24820
24860
24870
24907
24929
25009
25010
25035
25075
25083
25098
25170
25177
25191
25218
25226
25231
25293
25341
25380
25412
25417
25433
25438
25461
25462
25470
25472
25505
25529
25533
25546
25569
25575
25575
25576
25580
25589
25603
25627
25634
25644
25648
25656
25684
25703
25712
25723
25747
25777
25781
25783
25833
25834
25912
25940
25950
25964
25966
25980
25989
25990
26076
26084
26091
26093
26095
26103
26108
26127
26142
26149
26155
26199
26243
26243
26250
26272
26289
26324
26345
26366
26367
26374
26378
26380
26388
26394
26397
26408
26448
26452
26453
26474
26478
26483
26484
26513
26522
26532
26570
26576
26589
26599
26659
26676
26688
26708
26763
26763
26775
26777
26785
26789
26792
26799
26807
26811
26838
26849
26863
26961
26995
26999
27004
27037
27044
27046
27047
27049
27068
27078
27078
27116
27128
27142
27145
27188
27193
27210
27211
27212
27216
27266
27290
27311
27358
27400
27447
27494
27500
27568
27585
27589
27599
27619
27625
27645
27659
27661
27661
27671
27724
27730
27780
27803
27830
27844
27889
27920
27939
27972
27975
27993
28010
28010
28014
28016
28036
28072
28090
28091
28116
28166
28184
28188
28241
28252
28290
28302
28306
28315
28318
28335
28336
28354
28362
28371
28379
28413
28434
28442
28462
28508
28517
28577
28583
28589
28598
28617
28638
28645
28708
28709
28720
28724
28730
28739
28747
28750
28755
28757
28779
28787
28858
28859
28860
28866
28930
29021
29075
29089
29108
29137
29223
29242
29243
29256
29265
29301
29304
29310
29315
29315
29357
29380
29404
29416
29437
29455
29460
29470
29486
29517
29544
29561
29564
29583
29626
29652
29653
29692
29706
29713
29715
29727
29764
29774
29777
29857
29867
29874
29888
29892
29898
29905
29927
29943
29945
29964
29971
29980
29987
29991
29994
30034
30035
30052
30066
30116
30116
30152
30174
30199
30239
30259
30278
30289
30292
30295
30303
30316
30322
30330
30355
30382
30396
30400
30420
30421
30422
30459
30470
30471
30474
30492
30513
30548
30554
30638
30654
30677
30677
30692
30720
30775
30790
30827
30876
30877
30900
30932
30945
30963
30971
30974
31010
31016
31016
31026
31033
31036
31167
31188
31221
31221
31253
31281
31290
31292
31314
31339
31373
31379
31401
31407
31420
31448
31449
31464
31491
31511
31513
31520
31529
31553
31577
31589
31603
31614
31672
31693
31704
31715
31724
31729
31739
31768
31775
31783
31810
31815
31825
31876
31879
31887
31892
31927
31928
32007
32017
32048
32059
32107
32112
32150
32156
32167
32176
32178
32193
32196
32208
32214
32286
32296
32298
32306
32312
32321
32345
32357
32429
32446
32472
32485
32514
32575
32627
32629
32648
32656
32687
32709
32719
32721
32725
32757
32763
32766
32798
32857
32860
32879
32968
32979
33040
33041
33042
33066
33068
33094
33110
33118
33127
33132
33152
33160
33161
33165
33187
33226
33277
33287
33339
33365
33386
33390
33418
33458
33465
33481
33522
33523
33550
33598
33634
33692
33712
33726
33743
33777
33827
33850
33879
33882
33887
33939
33953
33972
33980
33981
34040
34074
34084
34104
34106
34174
34174
34185
34190
34194
34195
34197
34217
34217
34385
34414
34415
34432
34441
34448
34459
34462
34466
34499
34559
34560
34561
34573
34579
34593
34637
34648
34665
34675
34683
34685
34687
34722
34740
34743
34760
34822
34827
34832
34834
34836
34850
34861
34881
34893
34910
34931
34940
34947
34955
34970
34995
35000
35061
35092
35186
35205
35205
35217
35224
35229
35245
35298
35337
35339
35343
35369
35380
35387
35393
35402
35440
35452
35481
35501
35508
35570
35613
35633
35659
35659
35687
35715
35736
35769
35770
35775
35786
35796
35800
35805
35843
35867
35900
35938
35944
35964
35994
35998
36052
36057
36085
36091
36096
36116
36155
36155
36173
36195
36216
36248
36268
36281
36287
36311
36315
36331
36335
36341
36342
36385
36393
36442
36444
36457
36478
36513
36515
36528
36534
36576
36605
36620
36626
36652
36657
36658
36686
36736
36744
36749
36750
36756
36766
36775
36804
36830
36835
36851
36878
36882
36893
36904
36904
36918
36931
36947
37018
37018
37039
37045
37067
37078
37115
37123
37182
37196
37207
37212
37219
37241
37250
37252
37257
37258
37278
37303
37314
37315
37341
37366
37378
37386
37409
37468
37474
37488
37488
37525
37552
37553
37569
37593
37610
37624
37651
37655
37673
37688
37705
37740
37790
37824
37868
37902
37906
37983
37999
38032
38052
38061
38062
38073
38084
38089
38132
38137
38142
38169
38176
38190
38197
38221
38253
38284
38305
38403
38427
38428
38432
38434
38455
38471
38494
38502
38582
38623
38666
38696
38714
38721
38741
38743
38773
38794
38811
38819
38824
38830
38838
38844
38866
38867
38877
38893
38910
38915
38921
38958
38986
39006
39009
39015
39037
39120
39125
39131
39134
39158
39192
39201
39202
39214
39249
39257
39283
39291
39327
39355
39356
39362
39363
39394
39422
39425
39454
39469
39480
39624
39629
39629
39642
39645
39651
39658
39736
39742
39753
39755
39764
39843
39845
39861
39883
39902
39914
39938
39969
39994
39999
40008
40010
40023
40026
40029
40041
40058
40062
40094
40197
40218
40226
40246
40252
40275
40283
40315
40325
40332
40354
40364
40374
40389
40393
40395
40397
40446
40455
40470
40472
40505
40505
40507
40587
40594
40602
40614
40627
40633
40636
40638
40640
40646
40658
40690
40711
40720
40745
40752
40760
40783
40796
40822
40837
40839
40872
40912
40927
40929
40969
41009
41015
41017
41041
41042
41095
41153
41159
41173
41187
41268
41283
41292
41324
41348
41372
41373
41380
41389
41444
41483
41528
41549
41554
41561
41570
41586
41593
41638
41648
41665
41690
41746
41752
41788
41811
41818
41843
41888
41889
41898
41920
41923
41972
41978
41979
42002
42013
42019
42021
42032
42050
42080
42085
42100
42106
42110
42124
42127
42132
42146
42200
42237
42257
42267
42293
42308
42326
42391
42397
42475
42475
42487
42566
42642
42650
42688
42717
42718
42723
42741
42745
42758
42764
42817
42828
42869
42925
42946
42958
42974
42998
43043
43045
43118
43130
43132
43156
43171
43188
43203
43270
43277
43282
43287
43310
43342
43427
43444
43460
43486
43525
43550
43571
43594
43609
43648
43695
43709
43758
43761
43792
43801
43865
43911
43950
44064
44090
44096
44102
44114
44157
44176
44232
44250
44250
44291
44293
44315
44319
44334
44381
44428
44444
44556
44563
44606
44660
44667
44673
44701
44726
44739
44745
44763
44768
44780
44786
44836
44908
44948
44958
44969
44994
44999
45006
45053
45053
45111
45119
45127
45136
45169
45192
45195
45203
45205
45212
45221
45222
45223
45230
45253
45304
45315
45329
45332
45334
45345
45349
45364
45364
45381
45387
45390
45462
45467
45476
45489
45496
45510
45516
45542
45554
45558
45563
45569
45589
45605
45625
45649
45708
45745
45750
45779
45783
45802
45834
45837
45841
45878
45889
45904
45916
45917
45930
45957
45959
45959
45985
45989
45994
46014
46030
46050
46055
46060
46068
46076
46081
46105
46113
46122
46128
46135
46154
46160
46174
46217
46264
46281
46300
46311
46342
46348
46354
46372
46376
46389
46456
46458
46460
46493
46514
46528
46544
46552
46582
46603
46623
46632
46651
46660
46664
46674
46694
46761
46787
46790
46798
46820
46828
46831
46841
46842
46851
46860
46861
46903
46909
46930
46937
46948
46949
46975
46976
46978
47017
47046
47061
47065
47133
47144
47239
47245
47281
47301
47315
47340
47345
47390
47400
47405
47407
47410
47512
47529
47533
47595
47616
47631
47639
47654
47660
47663
47663
47668
47697
47700
47746
47747
47759
47763
47765
47779
47811
47818
47819
47840
47879
47942
47951
47970
48004
48029
48043
48067
48106
48123
48185
48204
48243
48244
48276
48280
48327
48356
48366
48387
48388
48392
48415
48479
48551
48569
48576
48588
48606
48628
48628
48639
48710
48720
48750
48758
48808
48821
48831
48852
48868
48871
48883
48907
48929
48931
48935
48956
48964
48998
49020
49037
49081
49106
49123
49146
49195
49202
49204
49238
49257
49273
49305
49312
49318
49343
49357
49372
49381
49382
49385
49390
49392
49422
49424
49449
49471
49481
49495
49497
49524
49527
49560
49563
49613
49632
49660
49673
49759
49765
49845
49851
49890
49923
49932
49936
49958
49959
49964
49969
49969
50013
50032
50032
50035
50062
50073
50081
50084
50121
50182
50186
50199
50203
50215
50218
50226
50228
50228
50274
50276
50327
50358
50371
50398
50398
50403
50406
50416
50420
50436
50472
50475
50478
50489
50491
50520
50569
50579
50658
50664
50785
50790
50852
50871
50883
50895
50901
50902
50921
50928
50928
50961
50992
51005
51022
51022
51042
51090
51126
51134
51179
51219
51224
51236
51253
51268
51301
51302
51305
51307
51313
51315
51324
51388
51399
51400
51411
51412
51439
51445
51542
51577
51577
51578
51595
51599
51608
51631
51632
51644
51667
51669
51676
51681
51710
51745
51768
51872
51876
51889
51957
51957
52013
52023
52023
52028
52030
52037
52050
52072
52137
52140
52145
52159
52242
52266
52267
52270
52280
52293
52297
52302
52325
52331
52337
52337
52343
52347
52352
52419
52422
52427
52432
52435
52438
52439
52458
52465
52471
52473
52480
52507
52554
52568
52595
52596
52628
52656
52672
52686
52703
52711
52732
52759
52791
52796
52802
52842
52854
52855
52864
52888
52909
52918
52926
52937
52958
52988
53011
53030
53034
53083
53112
53114
53149
53188
53202
53212
53224
53226
53250
53272
53282
53286
53292
53336
53344
53397
53456
53464
53465
53491
53509
53521
53523
53530
53531
53544
53580
53580
53743
53747
53763
53788
53791
53855
53866
53869
53872
53879
53912
53939
53946
53957
53976
53982
54028
54036
54102
54128
54136
54150
54158
54167
54184
54205
54213
54245
54257
54311
54340
54378
54385
54389
54429
54434
54484
54489
54490
54492
54515
54563
54565
54574
54610
54628
54654
54655
54661
54669
54680
54689
54695
54700
54719
54738
54748
54774
54802
54852
54870
54875
54899
54997
55012
55035
55081
55085
55132
55163
55185
55189
55199
55206
55207
55214
55215
55221
55228
55244
55282
55299
55322
55327
55329
55398
55406
55415
55449
55472
55474
55488
55488
55493
55497
55515
55515
55525
55568
55593
55667
55696
55710
55729
55742
55742
55777
55831
55847
55895
55926
55948
55955
55985
55988
56067
56067
56086
56092
56110
56129
56169
56219
56227
56241
56245
56309
56313
56385
56416
56445
56464
56512
56547
56555
56589
56594
56613
56624
56624
56650
56663
56676
56681
56712
56760
56765
56768
56772
56785
56801
56838
56844
56865
56870
56884
56915
56926
56943
56967
56973
56980
57000
57011
57012
57014
57037
57105
57184
57184
57196
57204
57212
57221
57229
57271
57294
57301
57331
57346
57349
57410
57416
57424
57510
57512
57545
57555
57561
57573
57590
57608
57622
57626
57627
57716
57743
57744
57756
57758
57869
57885
57896
57902
57946
57970
57973
57974
57977
58019
58080
58080
58093
58119
58157
58186
58215
58220
58236
58266
58280
58305
58325
58333
58364
58369
58406
58423
58445
58448
58475
58491
58509
58520
58524
58547
58616
58621
58650
58667
58679
58682
58689
58702
58791
58792
58797
58812
58816
58817
58827
58858
58858
58864
58889
58894
58908
58928
58941
58951
58982
58985
58990
59018
59022
59051
59097
59115
59139
59185
59190
59223
59240
59246
59278
59281
59281
59324
59364
59386
59392
59400
59418
59426
59444
59458
59467
59474
59480
59516
59518
59519
59523
59545
59593
59594
59594
59652
59663
59675
59680
59681
59702
59708
59721
59732
59776
59808
59829
59862
59898
59920
59942
59946
59969
60022
60058
60078
60125
60154
60192
60198
60206
60224
60238
60243
60246
60251
60274
60277
60280
60284
60299
60303
60316
60345
60356
60358
60405
60408
60436
60464
60477
60544
60553
60561
60583
60595
60624
60625
60673
60714
60722
60778
60813
60866
60867
60889
60906
60940
60951
60964
60966
60988
61008
61017
61019
61052
61061
61091
61126
61156
61162
61169
61202
61205
61232
61234
61305
61326
61327
61367
61372
61392
61448
61498
61519
61529
61555
61557
61567
61595
61668
61682
61682
61712
61774
61827
61846
61884
61891
61931
61967
62002
62016
62084
62095
62095
62095
62122
62127
62133
62136
62147
62155
62171
62206
62207
62208
62219
62252
62262
62268
62415
62421
62435
62447
62469
62533
62538
62551
62558
62563
62637
62643
62648
62650
62683
62705
62728
62733
62736
62758
62759
62775
62812
62837
62849
62859
62866
62890
62898
62899
62907
62913
62922
62967
62986
63007
63020
63043
63048
63058
63065
63078
63086
63098
63109
63115
63149
63188
63240
63268
63284
63301
63359
63364
63369
63443
63459
63479
63507
63532
63540
63548
63557
63590
63599
63604
63608
63612
63643
63682
63697
63697
63707
63717
63731
63745
63754
63756
63763
63784
63836
63852
63856
63880
63906
63909
63966
64002
64012
64033
64035
64040
64051
64101
64105
64126
64136
64143
64183
64186
64231
64267
64272
64294
64306
64307
64310
64315
64346
64347
64354
64357
64358
64393
64394
64399
64417
64443
64448
64450
64450
64451
64471
64498
64499
64514
64529
64530
64536
64536
64555
64571
64596
64607
64615
64655
64663
64671
64674
64722
64744
64745
64779
64808
64829
64863
64865
64869
64964
65025
65079
65079
65082
65108
65139
65143
65146
65170
65181
65245
65269
65335
65344
65383
65389
65412
65450
65462
65471
65476
65516
65523
65524
65540
65563
65570
65594
65640
65657
65673
65689
65724
65737
65767
65777
65779
65785
65807
65844
65860
65860
65864
65869
65893
65912
65914
65944
65984
66010
66036
66055
66111
66162
66203
66206
66213
66216
66232
66274
66280
66287
66292
66325
66339
66339
66344
66353
66370
66373
66381
66383
66421
66425
66433
66445
66469
66473
66483
66486
66496
66499
66516
66550
66552
66554
66566
66583
66589
66621
66629
66649
66657
66671
66683
66772
66780
66785
66785
66806
66814
66866
66897
66906
66931
66947
66961
66986
67028
67067
67083
67086
67087
67100
67106
67159
67183
67242
67281
67282
67293
67293
67297
67357
67368
67393
67439
67440
67455
67471
67511
67529
67537
67565
67602
67615
67628
67719
67736
67761
67762
67806
67819
67838
67841
67844
67870
67966
67970
67976
67981
67997
67999
68008
68012
68014
68018
68063
68121
68129
68209
68239
68242
68245
68263
68290
68317
68377
68400
68405
68446
68459
68530
68544
68559
68636
68648
68668
68695
68699
68716
68729
68763
68793
68808
68860
68867
68870
68894
68941
68972
68979
68998
69021
69041
69083
69087
69110
69120
69131
69133
69157
69159
69160
69164
69175
69179
69213
69233
69241
69283
69329
69331
69350
69355
69359
69392
69413
69416
69442
69456
69459
69487
69490
69527
69532
69535
69556
69568
69591
69609
69618
69675
69705
69709
69754
69776
69826
69836
69841
69860
69882
69977
70022
70054
70068
70096
70124
70146
70178
70192
70200
70235
70237
70267
70293
70316
70321
70328
70329
70353
70387
70408
70417
70443
70471
70477
70489
70492
70506
70561
70574
70585
70618
70636
70644
70669
70684
70705
70732
70794
70795
70797
70861
70888
70924
70933
70997
71010
71041
71060
71083
71124
71144
71151
71164
71220
71229
71254
71296
71338
71348
71380
71390
71404
71441
71469
71480
71491
71512
71517
71518
71552
71566
71580
71589
71615
71617
71661
71710
71715
71719
71721
71737
71742
71748
71753
71760
71763
71768
71802
71825
71826
71873
71917
71932
71962
71962
71978
72009
72046
72057
72060
72064
72085
72097
72106
72142
72202
72215
72238
72358
72359
72369
72378
72383
72407
72429
72468
72482
72485
72521
72553
72617
72617
72639
72657
72672
72697
72714
72785
72809
72824
72860
72861
72873
72896
72919
72922
72945
72964
72970
73001
73003
73016
73028
73095
73099
73116
73134
73135
73138
73173
73264
73291
73378
73404
73466
73470
73536
73586
73616
73763
73768
73812
73813
73819
73868
73899
73929
73956
73976
74012
74048
74049
74061
74065
74074
74080
74087
74106
74109
74126
74149
74200
74205
74213
74239
74240
74265
74411
74437
74449
74473
74512
74580
74588
74609
74627
74645
74667
74697
74709
74716
74722
74722
74727
74743
74751
74779
74794
74804
74839
74882
74937
74955
74965
74991
74995
75008
75018
75041
75048
75054
75056
75080
75116
75123
75125
75125
75128
75140
75152
75156
75165
75170
75177
75195
75206
75243
75250
75280
75292
75293
75306
75314
75345
75347
75437
75439
75466
75486
75489
75511
75512
75526
75546
75604
75647
75681
75681
75723
75739
75763
75802
75831
75831
75859
75888
75914
75927
75958
75982
75987
75999
76004
76008
76020
76022
76032
76065
76086
76091
76099
76123
76128
76157
76247
76258
76268
76272
76332
76361
76367
76383
76429
76437
76445
76477
76507
76538
76562
76573
76582
76588
76641
76648
76673
76709
76736
76754
76778
76782
76803
76818
76829
76829
76848
76876
76909
76911
76927
76937
76946
76946
76951
76951
76997
76999
77024
77094
77117
77119
77145
77146
77148
77196
77210
77211
77231
77238
77261
77284
77301
77304
77306
77333
77335
77337
77345
77355
77367
77377
77383
77402
77438
77461
77479
77489
77580
77608
77639
77666
77682
77705
77716
77726
77745
77789
77798
77812
77842
77858
77858
77866
77866
77881
77919
77962
77971
78024
78033
78108
78110
78125
78162
78210
78255
78297
78320
78321
78323
78384
78384
78387
78398
78405
78414
78428
78443
78480
78523
78538
78567
78601
78610
78624
78628
78665
78667
78683
78696
78720
78725
78739
78761
78776
78789
78802
78810
78928
78932
78951
78960
78964
78971
78992
79060
79065
79082
79083
79092
79136
79182
79216
79216
79257
79296
79304
79312
79331
79335
79353
79360
79369
79415
79421
79491
79533
79548
79551
79561
79580
79591
79623
79665
79706
79786
79820
79843
79860
79967
80011
80012
80046
80091
80096
80098
80133
80140
80152
80153
80163
80165
80169
80233
80242
80314
80329
80350
80376
80378
80384
80428
80484
80526
80543
80583
80630
80638
80700
80727
80740
80757
80761
80821
80856
80858
80870
80881
80885
80924
80958
80962
81007
81039
81055
81056
81127
81145
81154
81208
81229
81229
81280
81315
81323
81343
81356
81358
81390
81396
81427
81440
81443
81474
81490
81512
81522
81525
81608
81618
81672
81680
81681
81682
81710
81747
81748
81750
81757
81789
81801
81818
81826
81831
81848
81855
81922
81931
81953
81962
81970
81971
81973
81986
82015
82018
82031
82057
82067
82070
82080
82100
82111
82114
82116
82121
82145
82221
82239
82277
82285
82291
82305
82308
82324
82331
82338
82361
82413
82422
82427
82432
82465
82476
82496
82514
82521
82529
82534
82629
82635
82637
82761
82762
82763
82811
82890
82920
82953
82980
83002
83026
83036
83039
83065
83072
83094
83151
83175
83182
83213
83260
83277
83281
83301
83329
83330
83333
83384
83386
83394
83397
83398
83415
83420
83452
83461
83467
83475
83486
83487
83496
83501
83631
83650
83659
83681
83694
83701
83752
83766
83790
83805
83833
83870
83872
83897
83927
83930
83959
83986
84008
84022
84063
84109
84111
84112
84124
84133
84152
84220
84267
84292
84296
84338
84344
84347
84348
84355
84376
84412
84437
84464
84506
84583
84600
84660
84670
84679
84740
84758
84777
84789
84799
84804
84830
84840
84868
84869
84877
84893
84897
84904
84905
84910
84922
84924
84941
84986
84996
85009
85043
85148
85152
85163
85195
85203
85204
85222
85235
85248
85264
85336
85347
85384
85385
85429
85496
85508
85508
85535
85561
85609
85615
85654
85665
85688
85725
85726
85739
85765
85800
85824
85839
85840
85845
85881
85894
85935
85953
85957
85995
86024
86024
86043
86063
86064
86084
86088
86102
86137
86138
86150
86177
86193
86250
86251
86271
86317
86332
86433
86474
86486
86487
86546
86570
86593
86621
86676
86694
86695
86703
86713
86723
86761
86784
86791
86836
86841
86845
86852
86855
86867
86871
86905
86915
86920
86922
86965
87061
87061
87081
87089
87106
87125
87159
87185
87189
87202
87258
87280
87327
87367
87405
87415
87429
87437
87461
87480
87483
87483
87525
87535
87562
87580
87609
87613
87630
87674
87716
87738
87754
87767
87768
87770
87801
87861
87864
87882
87883
87896
87963
87983
87985
88004
88036
88039
88046
88052
88053
88069
88085
88094
88131
88134
88148
88150
88155
88168
88191
88192
88210
88226
88329
88334
88359
88411
88419
88421
88426
88427
88427
88430
88440
88454
88474
88481
88488
88499
88511
88531
88576
88633
88647
88650
88659
88659
88674
88683
88754
88797
88817
88842
88869
88885
88916
88927
88959
88982
88987
88997
89025
89032
89043
89050
89054
89066
89103
89126
89149
89186
89193
89228
89239
89243
89260
89309
89329
89448
89473
89475
89479
89504
89509
89522
89546
89695
89712
89728
89748
89757
89764
89765
89799
89802
89836
89840
89864
89895
89917
89921
89926
89992
90000
90000
90076
90109
90135
90144
90155
90163
90166
90179
90187
90190
90240
90247
90279
90287
90300
90334
90371
90388
90453
90454
90503
90506
90529
90601
90611
90650
90657
90663
90664
90690
90729
90768
90788
90792
90793
90805
90807
90814
90828
90847
90854
90882
90912
90945
90952
90979
90985
91004
91010
91028
91031
91036
91038
91055
91080
91146
91192
91208
91211
91230
91245
91277
91287
91317
91348
91352
91406
91408
91423
91431
91487
91488
91489
91507
91522
91529
91532
91564
91576
91601
91607
91627
91635
91642
91645
91688
91717
91722
91790
91819
91846
91850
91866
91896
91910
91922
91937
91947
91979
91986
92042
92050
92062
92070
92131
92154
92178
92192
92196
92203
92307
92348
92364
92365
92399
92420
92430
92444
92456
92560
92574
92627
92627
92676
92719
92754
92799
92800
92870
92885
92928
92972
93019
93092
93095
93099
93107
93168
93180
93209
93226
93247
93258
93269
93277
93308
93320
93351
93354
93366
93388
93408
93425
93428
93433
93451
93453
93455
93478
93480
93505
93547
93578
93579
93595
93602
93603
93634
93667
93708
93714
93716
93733
93775
93781
93792
93793
93796
93845
93884
93894
93895
93897
93927
93941
93949
93952
93966
93974
93994
94031
94059
94060
94061
94104
94115
94128
94169
94205
94221
94223
94231
94288
94290
94292
94296
94344
94353
94372
94391
94441
94450
94454
94491
94516
94535
94537
94549
94571
94590
94596
94615
94621
94663
94688
94696
94725
94784
94808
94864
94867
94867
94868
94939
94944
94953
94973
94977
94987
95049
95086
95128
95141
95147
95153
95156
95162
95165
95167
95178
95195
95212
95212
95250
95260
95267
95279
95279
95324
95346
95379
95387
95395
95472
95484
95490
95533
95552
95581
95616
95619
95621
95688
95735
95776
95782
95787
95792
95844
95871
95882
95891
95902
95910
95925
95939
95956
95962
95984
96000
96010
96012
96018
96022
96054
96081
96120
96168
96248
96251
96358
96372
96385
96389
96420
96444
96447
96483
96497
96501
96504
96515
96541
96549
96622
96641
96655
96663
96681
96691
96722
96723
96731
96750
96751
96800
96826
96831
96847
96875
96887
96890
96918
96928
96953
96960
96971
96974
96979
96986
97114
97165
97175
97175
97209
97271
97285
97286
97301
97345
97376
97392
97441
97457
97467
97505
97507
97527
97562
97580
97583
97590
97601
97614
97627
97662
97668
97674
97674
97675
97679
97683
97685
97701
97705
97715
97717
97726
97738
97765
97792
97799
97840
97841
97846
97908
97910
97913
97923
97923
97938
97994
98009
98018
98027
98045
98099
98219
98226
98228
98228
98258
98293
98308
98315
98328
98343
98368
98391
98434
98446
98454
98464
98475
98499
98502
98532
98532
98540
98542
98569
98577
98581
98583
98585
98598
98647
98700
98704
98704
98708
98719
98766
98787
98789
98796
98881
98892
98935
98945
98987
99013
99014
99045
99084
99091
99092
99109
99167
99180
99277
99306
99347
99357
99367
99381
99407
99421
99428
99430
99462
99480
99497
99521
99524
99554
99638
99648
99793
99794
99800
99817
99853
99864
99923
99971
99976
99985
99993
99997
