36744
91922
54695
99497
90279
60224
53939
58406
18824
35440
54385
30420
48758
58369
69041
87864
29994
74106
71589
99407
80091
4220
23696
57184
79860
69490
5118
54257
42050
4109
26199
5561
95902
16034
60544
90287
66986
62147
17595
83752
91423
95871
34648
76538
3184
30330
60866
13029
37278
55568
45904
67999
32214
83260
90144
19066
63058
28036
96483
33879
12253
99793
7114
63459
42257
74709
15132
65170
76247
53946
6937
96971
60405
86871
52280
95925
685
55831
23676
12870
30355
45349
81971
8751
50274
91866
22955
74804
53011
80011
96918
50902
55493
13418
46623
60595
44157
58791
49037
38432
1705
44291
52422
68793
97683
44908
81145
25380
6125
7834
77196
27188
5600
72215
80163
76829
48750
97467
18229
59721
26863
86920
13226
36882
89917
88499
31614
46281
93733
91627
3574
74149
87437
90000
40275
22548
25098
37018
8664
17043
35805
25980
36918
93634
11384
76778
16281
25083
93949
9320
12968
10861
96960
32112
16412
45332
78567
21053
28241
21018
86855
12672
84904
8635
49560
64829
79421
93
85615
59776
34560
4238
19450
27078
81710
63856
32321
4540
97165
38403
83959
30303
5850
27975
45304
71763
72238
86024
87367
67838
89712
41752
56801
79843
32763
40315
52458
17116
81356
84344
15592
84893
72697
13157
41978
23512
77238
64346
7085
35770
14887
87882
24508
40720
6473
57512
11324
22302
88419
46937
19351
21518
87185
48871
93894
22464
10650
31715
29987
98583
25009
25231
29404
19378
87061
91211
8357
1460
64615
76437
94169
63612
74794
57294
11575
6660
56589
96358
57000
920
99091
18525
14091
90985
13016
14750
16009
58448
80761
30677
17592
48243
3106
3821
4785
90854
88842
46160
30422
79304
93845
13547
98258
45569
47407
93320
39845
25341
27116
32766
4518
25580
94944
66213
3311
72429
21354
73956
3778
62733
54870
7220
9762
52988
57743
2458
21623
60280
56385
78443
2545
6852
23901
24314
89103
83452
15387
73819
24558
93455
1233
71254
26849
10089
93895
1498
69591
90300
12059
34174
69568
70316
94725
11319
50121
43911
38434
81848
39355
7809
37468
56973
7505
62095
61668
52266
69860
72896
88869
45750
85665
98434
8132
46790
50398
31693
48821
77919
87609
49923
26708
7811
21976
4445
27619
17596
92420
61555
72202
89765
40760
62207
11046
49969
38986
40393
54515
10367
52926
83766
35944
34893
91688
93974
75546
9734
80046
79216
15256
29874
89054
5361
34432
62219
79335
39158
58509
71390
2714
17586
87580
67440
82496
50186
4701
26484
12833
79083
56445
51324
81474
49020
52427
36652
70924
62084
46544
66445
34827
41372
70492
39658
60813
9489
50013
4294
14690
66206
36085
2724
40633
58491
1148
4799
82980
68648
46842
43865
64555
92062
30199
23562
20902
64448
56129
66036
58333
16241
24584
77866
46135
36091
48123
9548
66339
45916
34040
15572
11939
18665
40796
10820
46300
11208
39480
20098
51577
24122
6404
81229
54689
53083
32017
78964
55228
79136
61392
59862
33726
82953
97286
85508
33887
71518
1415
8316
26570
23172
21116
69110
77210
24677
44090
64399
2877
94441
13024
28645
84777
47400
32857
31339
4250
13981
93269
3091
94696
33550
6925
22296
59474
99381
53872
90190
59519
20263
70794
7052
45195
35298
65245
30239
49481
9794
34561
18925
26777
54340
88039
37366
24518
94868
10919
91576
81750
84437
54654
6946
13677
15476
29991
35343
57744
70795
24221
15937
43709
34441
31464
24639
13644
7030
80140
75604
20939
14284
10248
46493
83397
32167
69836
32485
32048
69841
30295
17153
7174
28787
53976
46841
57221
9033
68860
25966
45834
65984
65450
71962
98647
69532
48479
59675
5398
3038
64450
21645
64394
82100
85043
96420
36878
33598
38743
6458
59139
67087
56086
33132
22560
4916
66010
98766
38052
33980
78024
47840
8851
66353
41549
54852
78125
4859
12620
12241
94939
91910
23515
44745
14373
8967
55207
8282
31188
78320
76367
12605
16746
76818
63643
42475
48868
89479
41746
94864
25684
86487
53912
10139
35337
39645
49257
44096
84789
4038
45136
45169
52918
94115
75041
14102
40711
50032
90503
90135
34194
7250
88511
36155
31253
86695
10570
49381
32721
58364
6762
65025
67183
36155
10800
22576
6734
90611
6281
21747
68894
78960
80
27290
10276
98577
64306
9456
31036
1002
37553
55081
14842
37207
45053
45745
66550
3611
47663
46348
43486
70997
77231
18948
28779
32345
1711
51542
62859
57555
77682
717
60206
26995
18698
64863
15620
7438
94031
47654
95250
96800
18357
37655
90000
44701
7822
38893
32429
45558
91055
69556
29544
76091
94571
25940
11225
20461
40507
77798
65737
42391
9975
39624
58941
21083
5363
93258
83398
5714
12860
78387
2340
28462
47616
7105
51022
94128
57561
34462
54628
78538
44315
69456
29242
9508
94491
69175
84347
94516
60274
25412
56943
37252
28014
36478
38132
64530
32298
82067
42974
60345
58816
72407
34832
45221
32150
65860
24682
64354
94535
57573
82413
92627
85222
8806
23977
97376
34185
83277
60906
27972
1665
3642
45222
94290
59426
3814
79551
27068
10820
41153
59946
47046
18403
41042
52703
95472
31281
8104
90945
63086
74727
35393
42308
10316
92178
5173
28434
11723
83467
88659
78255
1617
7694
50658
46828
56624
18752
40783
61061
31026
44250
44994
72521
50406
62728
66292
14695
21079
59324
77666
40252
11806
30677
97505
61846
19653
97913
82761
45212
29626
13551
66566
93602
89475
83002
41380
88004
14774
40594
42267
54489
7669
78428
1064
46909
50921
30400
98228
26394
7446
83927
88576
67976
77335
96000
8271
5370
75170
66785
24083
47133
34940
61367
35715
45381
87429
74580
88085
18539
64536
61498
16477
1577
12158
81007
4610
30720
12241
53034
11611
68377
4626
8916
95581
91406
68699
42487
27142
55955
87768
91635
14709
63909
5548
14772
84152
14833
18778
39214
76951
34190
42723
22864
84869
95153
61234
68129
49759
61967
12879
759
53747
5271
80165
7353
51224
12319
73616
37219
41889
41159
66516
35402
58186
39249
62155
67393
51667
79216
58650
3082
76429
2390
47340
26775
58019
67439
25438
2353
87480
18873
48327
80740
11523
36893
97679
37569
75927
69459
73536
3958
24816
97923
53202
45563
46582
67966
74473
46113
63507
36904
48388
25950
76937
96655
47144
26589
18283
73028
35843
12387
30152
95086
10383
45390
95212
6546
95195
73812
88885
74080
4232
71404
20052
4801
67293
96248
63590
79312
20440
23140
28336
25703
97345
83213
32656
89509
63745
82324
65108
75152
35938
27078
75888
98315
15545
66629
2553
40226
76332
68290
40745
27803
74645
3308
18050
19121
41444
22468
40927
59545
34104
51768
58157
26084
24648
81525
20115
59702
78384
56613
88481
6798
91846
37651
65412
9939
88683
7642
41348
11352
54997
22126
73016
3745
836
98881
18462
7724
33458
2258
9838
87983
64499
97846
64136
10792
98328
45783
45205
73813
76876
62551
50491
49106
52302
32979
3789
59240
25912
75292
23023
16413
41292
24608
25777
35786
46456
65860
4846
6247
63540
30316
68242
95792
35613
77881
74074
51889
39736
3215
97583
92154
70417
84063
55710
2305
93428
95984
43950
70353
34861
45542
99347
84296
14164
72922
87883
48931
61595
4423
1261
50569
34760
6690
8629
84941
82121
63731
56227
67762
71719
40614
63078
72714
12727
14199
88650
7661
82762
43156
14300
1555
77812
44999
28166
79491
878
47942
40010
21028
92800
2467
46632
19292
77580
22121
88134
50664
14436
62208
55497
97923
81208
45006
53869
2496
75681
56547
86043
2235
58119
6970
70443
29075
34197
59018
40872
5508
31927
26289
37525
45708
95844
98368
10283
68636
98226
56870
76803
52023
55472
39994
3907
95939
47301
44293
84897
72945
71580
34593
85995
25417
3327
84830
70732
7312
65516
92307
60889
87754
32176
55221
64417
64358
87125
58220
80881
27500
4543
90601
46787
15949
66381
3674
11611
17928
19245
17641
12149
18541
58812
10739
11284
19519
60477
7417
53580
66383
60867
39192
22501
1725
93505
30654
24276
45589
91031
91192
96012
11858
89186
45345
27724
92676
77858
93451
89066
26961
15504
18993
15900
22939
81396
53292
10824
98787
86064
52343
22107
82116
12712
98719
32156
29713
93667
11880
35217
39422
72485
4322
30278
70471
12280
78624
55012
40283
80096
17502
38176
2721
70408
28860
32193
1976
33068
47410
48831
40197
34881
71083
25177
1942
49195
62171
2450
31825
42828
50403
92754
89025
26378
90166
12059
58702
11099
60192
21469
15592
26688
68716
19602
27661
66621
38305
2203
32575
60436
42110
98796
38471
89260
36057
10201
36736
80757
83501
69416
7653
36804
82239
89050
75123
11692
50489
65640
64655
36657
83175
28583
61567
8262
99480
84758
52419
8961
61372
97601
87189
81427
48639
51411
30470
69157
68870
20300
47529
76004
87483
35994
37196
67297
16785
72553
1890
73095
70235
25990
49471
75140
16973
86546
6329
71480
62563
27145
75018
86965
69120
65335
34850
33160
54899
23135
63048
32687
46975
3796
96887
8721
72383
63268
37705
49081
71932
55474
48185
66287
3071
24263
13037
23388
25964
57622
46030
16297
77842
27216
48808
97841
83833
4141
95882
55327
60722
97674
80098
88191
78628
71617
99817
81056
95167
95346
24223
10610
34448
34740
12835
99853
87674
18749
55282
30971
60624
79065
5134
42817
49372
77971
7388
4658
14024
8010
77306
58827
12030
56650
37474
15922
51313
33743
55895
49932
42124
58093
18560
16186
67628
3585
78665
49123
16013
53344
52337
58797
52855
10793
42013
34174
55847
93277
38811
36904
78110
56865
98502
6032
886
27659
61305
20961
88474
7050
85347
91819
39015
85148
67806
31221
82534
72617
47017
8033
33465
38137
26397
39037
94372
27844
46372
98343
93099
18548
93579
10607
90912
85203
49890
57970
58266
66589
57349
52480
36766
25575
2184
9202
30471
72359
97726
75116
56844
37983
40395
13222
12088
87770
76673
32725
96974
20754
12505
78601
23016
27311
24907
19568
80885
23625
54490
20086
94867
9436
92050
19027
5093
46603
55593
26095
25834
97175
6692
55515
72046
1640
31815
52297
12470
28638
45994
24793
93180
19315
46820
41389
2909
84292
56768
80169
34499
11752
64471
46060
58667
97175
49959
14504
82521
92870
83631
39629
55742
10268
97301
39753
90828
37315
55985
81855
95552
70022
78802
91529
74200
40397
35570
27920
19361
71615
13388
81818
11557
35501
26366
59808
16751
59518
6488
18803
86150
75314
9425
32627
18238
41811
24052
56681
90793
53188
64571
28866
31704
45959
54574
64869
36620
13744
86723
10880
12185
27939
75250
93781
93226
65143
9443
44726
22480
13379
84660
28188
84348
52028
70861
44969
12162
60356
23532
8565
31401
57301
4514
18091
17313
87081
67511
54184
31292
85800
16677
95956
39120
90506
64663
67028
18196
24219
22036
64101
24820
2403
92042
35659
41638
83065
63188
78162
96723
99554
86784
20923
45510
6
53286
40658
9354
8516
82361
51090
2622
3113
37250
34084
21950
16694
77705
90788
40470
60464
58864
69442
75125
17195
62986
66552
55777
94808
62435
65869
91947
52023
94973
68008
28617
563
79296
75165
30492
42032
30459
83386
76157
6794
28302
81747
69675
62268
64126
36385
17679
45315
97908
69164
51872
1282
40354
79623
73134
81681
5096
13746
67159
68729
8347
19290
70293
84996
15417
4408
90952
24929
45192
4844
14908
30116
20568
46354
29777
33712
2807
98045
78810
63007
51632
94344
16261
81973
94205
81315
46055
61091
88046
21891
27599
29652
75008
59523
29315
35339
24356
66421
34931
46660
74061
83394
54213
64393
10781
49765
26243
35796
28318
73929
90792
33161
7468
41554
47595
17599
93708
76268
43460
74722
69355
71469
50790
58792
33066
25035
62637
38867
16456
29108
23942
88192
92456
1690
66425
35769
23803
8582
63784
17033
40822
83420
20380
68459
49524
15910
79257
26838
46651
13041
68668
31420
39202
72369
87202
10733
26785
21093
36775
91038
35369
96385
63020
30877
89926
55215
16970
9790
82763
74087
63364
19235
29301
89748
88754
28371
72057
27358
20113
10521
77117
27212
26093
32757
22125
81343
93308
83026
13145
50398
63548
51219
23566
53544
50371
26478
64498
76909
44250
55696
88659
66931
78971
54492
42100
22555
2223
5278
38714
46798
8214
96251
72378
57545
83694
66780
58280
97910
75437
33118
52030
67100
76927
13278
60951
72809
84670
11800
89228
58423
89126
70888
66806
8435
82057
57627
29460
64514
64529
76736
96372
52159
31783
81390
35245
70054
42127
11181
10585
90664
67819
40912
90187
45364
52854
74213
27993
25293
93952
69527
8179
6719
58080
60673
93019
40837
46761
29243
97457
5860
10444
48276
66866
41570
71220
55406
10584
79665
49204
40446
12101
81922
80727
52325
12791
78667
98009
20788
84910
26676
36513
47763
42998
10223
46528
52507
20728
52888
5798
58858
3178
37378
14000
79967
29888
28708
49497
47239
85688
87767
97674
77301
88359
14919
40029
95128
58621
37673
38197
75999
52432
85957
8933
86867
49273
85739
12226
11338
98293
25644
42717
62016
74265
77383
31589
5625
26243
99430
18032
46458
60964
96750
69087
92719
8655
46076
77094
62890
70574
76709
67615
51301
3922
2783
74109
10860
33127
1152
59681
41268
45649
75347
23212
27645
32208
38824
62899
81789
78720
72617
29517
75048
87483
64051
98308
11222
93366
89309
34459
41173
24328
6729
82637
37067
29315
85845
87535
70933
17037
76946
78776
48606
43188
29310
41665
50883
57973
59652
93793
57758
1699
54128
42642
75647
84600
81055
65785
95533
86845
63240
3891
20951
14822
96497
37610
66906
2160
59458
97527
18595
9159
2055
45462
27044
97705
60940
26474
23964
60154
31768
87738
63149
46342
98099
61162
88647
80638
7666
96541
34106
23515
31672
15628
62558
84355
73378
40062
35380
80821
81608
24150
45253
48067
51305
88916
10051
3310
56241
17858
59418
90882
1394
80583
51388
63754
71566
46264
45203
62759
54669
12187
83039
48852
86915
70329
45111
43571
98532
45889
8027
1503
86922
88987
19335
8483
76383
67281
25075
55189
9988
7170
26513
99180
68209
50852
56416
62683
70124
93092
85725
30692
79082
80630
88427
55185
8071
93354
26763
20887
25576
50478
94353
42019
37123
60583
42200
51253
32629
89504
96018
59467
36281
4877
1578
58445
28184
2366
43270
8972
2792
28858
12672
37018
13574
86761
61557
6903
24020
54738
85881
65563
16087
73470
69618
29892
71710
68544
33152
34995
48935
17153
63717
40058
73291
31511
59663
35205
75466
14937
71229
76562
31724
39362
41972
42132
47281
52864
11905
94784
79353
71826
18061
38582
48029
561
77367
89243
66232
85009
58817
13084
45476
77726
45387
7296
5423
2031
15533
95379
70585
38061
39291
66814
91722
85385
55206
64450
70328
5724
26659
12248
30259
57896
5804
52337
87061
36750
93107
59278
33390
81618
91986
29455
46068
9675
57014
32709
14259
88052
36576
9422
4044
52802
57184
81682
82514
14679
85654
91004
12531
73763
71552
29857
16302
39469
94977
46664
40627
36851
93425
4740
43801
3211
7939
52438
91507
13028
25472
60714
3391
64536
65657
9988
463
48710
42958
97765
31010
16867
38284
63065
30174
32312
96663
67106
86251
14165
71124
64722
4771
89239
12300
76445
34955
24555
57974
7005
1939
3056
634
57885
15572
42237
51876
13262
35224
57716
47779
65844
62898
13817
12477
67602
54158
44763
69133
2727
95178
40026
39006
58305
78405
58990
48588
31520
78297
54484
51710
78928
49660
53523
18058
20781
30322
91277
65476
99993
37688
47951
64865
87258
53212
64779
45127
95962
55948
91850
69159
89546
91522
41324
56915
33042
54563
90155
42650
90454
38921
19329
12269
91080
69233
19455
24451
24083
91287
90768
15856
9173
52568
98704
21455
11790
8144
74048
62136
65383
72639
26367
29715
32798
98892
34822
54167
25589
41095
14478
42764
39125
33418
93168
60778
28508
50327
28577
91408
20869
84740
47668
73135
47631
13931
61202
75987
21097
5760
56624
19312
83872
11499
58080
45329
49305
40008
84922
89473
14213
53531
58894
61448
56313
39843
68695
32059
64744
82277
70797
29137
37552
36947
61205
88210
82811
1291
27661
8687
12825
75512
383
59051
44334
9169
21212
17332
26250
97627
8035
45496
47533
39283
78210
5163
1766
12339
4610
20645
89836
45489
71517
75681
36442
8625
39394
43525
86836
50358
55163
89032
41373
38142
69359
80152
33972
85152
48720
16807
24762
11814
94688
62533
67455
95165
11714
36268
38062
94987
66554
49673
36686
63599
83151
95891
60299
98581
10974
16204
97590
75080
51599
60198
87861
22089
77479
75526
76507
26599
31810
2932
44660
95616
918
21536
47759
25461
60251
26076
72672
82635
45802
22820
85195
54655
33634
38741
66671
31775
31290
74779
3575
81953
23698
62775
52958
35186
52909
47061
93547
91642
66433
49845
82080
78321
16960
50182
29583
6909
85609
79820
5696
17944
70267
54311
35452
82308
37241
59898
71441
8012
13474
3534
52145
88427
99277
58325
3766
70096
91489
22587
66483
82070
30396
3068
89802
42718
61519
88440
53580
73264
94867
99521
64964
46976
81757
15808
10850
5167
47879
66274
21111
74743
3830
90334
79331
16023
69392
71041
56169
12004
75511
8284
98018
46831
1023
21671
52013
41041
5498
45841
52554
50928
30474
71144
51022
29256
14315
47639
71512
24009
2999
96875
77211
84109
77261
74722
61931
12932
14658
10275
72064
36749
83094
49424
63966
11738
22759
91352
91028
89840
63098
22491
11311
87280
1731
83415
80924
6682
36096
5693
676
22568
94454
21429
87415
51307
39009
16860
2195
5504
17462
99367
47390
56967
23954
40690
800
36605
27004
32719
99524
39134
86332
83333
59364
6853
60238
84008
66162
69160
50276
51676
87896
48280
22910
71060
24146
70618
26380
71802
33110
43761
93408
12534
23807
38169
91036
91348
63479
51608
44064
86250
38623
55488
79591
61327
64315
6042
64347
27589
19745
44176
61052
69213
50215
41283
37115
9037
63359
266
65344
74667
34675
32514
99109
77024
342
26272
33277
27211
27049
99648
85765
61529
49527
26142
67471
3995
50032
78384
93433
74991
62538
56980
82291
74239
14316
80856
35775
62447
49385
97441
85248
96641
7057
37182
66649
7391
93095
21328
52656
50035
11748
1966
96890
41843
42326
34947
18158
18223
77866
85561
5798
59185
96751
10421
37740
43444
82476
1325
71753
41818
6610
71917
77461
25712
38221
42085
84840
67537
53272
15582
74839
95735
70321
47315
69179
64105
53030
81801
89921
32196
88155
15524
53149
33522
60277
35092
46903
55488
56555
209
61712
52352
65767
50228
73173
52293
52331
25627
97938
34637
97994
99976
8326
59400
83281
12052
75831
72860
42869
70636
38190
26108
19236
36534
48387
64143
15835
74437
11815
51126
53491
13625
97799
2390
91532
28090
51399
41690
72657
49851
8162
9983
25569
70561
1528
62650
44606
60553
31016
24411
99357
1391
75489
15827
97580
37999
92799
87089
63880
67357
53397
74588
88488
42566
76946
37409
50062
69083
20766
15720
90805
51644
75054
28379
475
77119
23829
54036
23376
88329
10473
78992
43758
91317
18088
51315
77789
55988
98569
97685
25833
57271
57416
61008
86271
53763
34074
15728
56760
50785
53282
75306
77639
95156
62837
7480
74609
26374
3233
99167
1367
35659
44114
49202
76573
6926
40636
7706
73116
83329
46674
83475
92627
36216
50199
72873
16464
92574
97675
21918
31513
84464
62736
15216
75739
74065
4240
98454
86433
85824
90247
65724
97562
63557
48004
71296
64183
450
66583
29774
43130
92203
95688
86193
81323
6913
85163
49936
97668
18127
52465
94663
95387
95147
2843
5718
25505
18362
36835
4765
18238
3334
44444
21136
91979
96120
33850
141
31879
16403
15508
52796
34559
74126
45334
20687
15024
66657
18294
38844
83072
23019
82338
48415
49632
92444
32357
80350
55667
15412
86024
16051
76911
50961
23066
40455
3883
62095
93388
39742
67293
29486
31892
24665
59444
14967
60246
18656
33041
78480
79182
65462
99462
8893
71164
15643
1457
18857
90729
4840
42397
56092
62262
66216
24299
86084
82031
71715
29437
57977
11718
96691
10546
15297
76128
27447
33981
10253
60316
8012
33523
90240
22436
82422
69754
19578
65079
84506
25529
34195
17379
35205
98945
46174
11171
28517
61126
32296
19311
61169
44232
17484
89757
28589
49613
58520
1264
53982
54136
81748
59708
91937
53112
48929
47746
93351
27568
56067
3246
57410
62849
74049
58215
81440
87716
7387
84133
76588
22647
49563
25218
54661
9307
80242
76022
46105
54245
27037
56884
25634
31491
671
11478
77284
65777
7731
9090
89799
86102
25226
16710
39629
16445
37314
48628
52050
57626
22680
26522
33187
38427
89764
61774
15717
39425
92928
21765
8024
23798
25989
46217
7334
69283
29089
35687
8638
98700
17162
89895
16345
33339
30638
81229
71768
66203
3793
28709
29867
88334
74716
21722
68446
60303
81831
29706
7557
41187
82629
50228
23038
63697
41015
5696
7340
82465
40505
38696
76065
67368
51179
95910
91487
85894
37258
54378
25462
91010
65540
92560
64596
83986
64002
23133
33882
95279
80958
40364
38428
34385
62922
76477
92885
35481
52686
46694
78523
50084
93453
71721
14408
28010
48907
75293
14993
48628
103
31314
52842
29980
26576
59392
47765
81522
99971
55132
13167
76997
13661
226
10071
99794
82305
44739
12051
19109
44556
82920
87159
47819
68317
50081
83301
45878
39131
59190
31553
58682
49318
1381
77148
88411
88226
68530
41017
50901
58982
14285
25575
23026
30035
56676
4620
94292
12205
39363
22540
12899
71661
45053
23719
48569
43609
79369
65807
55214
64307
46978
52473
49495
96622
60625
49357
38494
72468
77304
23007
18094
8228
93578
34665
64357
43648
54102
79060
86621
12839
31529
70178
37488
26388
15446
92399
6527
89864
96168
50472
27671
34834
36528
75156
84267
6876
40332
63109
10266
16263
20585
35800
68867
63369
7595
32306
56926
97114
96549
18207
18644
51236
57946
81358
42688
2500
10558
5758
27047
39861
4165
88036
62866
44667
84376
19172
75128
84412
30548
9516
26452
62252
27585
98464
31577
16312
55322
30292
64443
35000
47747
7830
7528
16212
28091
39642
74697
43282
66772
37257
27266
66683
39999
13250
28730
5600
21897
75859
52439
46851
75763
66339
98935
63608
11360
23518
86177
86317
86713
2918
91607
67282
2968
3481
71978
90529
74411
8762
95490
80376
96389
22586
98987
21455
95049
40472
78932
44958
94061
87525
71338
62127
73404
45837
80133
98598
29764
75280
36342
57346
19817
72358
62122
19226
94615
86905
65779
92196
6352
13533
81672
86088
22570
28755
90807
18622
18081
38877
24171
37790
95324
40218
51577
36248
8924
85264
17738
64186
57037
22030
255
25656
15290
50203
6191
95212
66280
26155
87963
3000
65181
66947
79706
42080
8089
24173
89695
16432
43792
90979
39914
30775
61682
80314
49146
68012
20153
97507
84868
56712
31407
4681
11218
39257
85953
26799
17424
84022
74012
60988
71962
31876
28413
15399
26345
29265
88997
23013
65524
66897
52347
86841
32107
86474
98228
88168
73586
53226
80484
38866
5954
64674
60284
50073
76099
97614
25546
98708
11466
6114
41788
65673
38838
83182
65139
26149
59386
84877
82285
35867
19865
27780
18575
13733
68808
65570
22050
29416
19332
54429
97662
42146
19821
62643
45917
38830
31928
53250
43118
57608
24045
42106
83659
75206
17538
93478
17307
30900
83897
72106
14337
95484
86791
50436
71873
54565
58951
85839
51134
71491
36173
33692
39356
21902
5842
18029
4783
44102
15941
48366
55398
59969
59680
15337
36756
52596
86676
1379
69331
98585
93966
7618
88454
95621
68400
23685
11640
80428
34414
68972
53336
4090
84220
74955
46930
9159
71151
57590
69487
39938
15900
84124
4170
55199
34687
2189
2931
26408
67841
50416
92364
69535
8626
91790
50895
78683
31449
70477
50579
86593
93209
65594
46389
10530
70146
98704
76086
47065
83930
75723
93603
12269
46050
6950
28598
76020
51631
9477
67736
20952
44428
21841
46376
18623
43594
74627
54680
42475
81970
61827
60561
74965
52711
10762
37868
94231
76258
93595
97840
26091
17815
57510
81154
95260
76999
52791
62421
55515
51400
44381
41923
29223
62206
88982
14110
61891
19977
36116
48356
65389
98446
59022
49958
63756
19551
23518
61884
54802
49312
37303
55449
68979
5543
70387
7144
48244
37341
78696
4739
38773
22846
83701
26324
47245
99084
90847
88421
58475
5741
16336
41888
17371
94221
87327
7704
62812
1473
9698
34415
14207
30066
53509
63284
7910
25433
48204
62967
88633
47811
11755
68239
49392
92192
25010
42741
68998
22756
9638
36195
43277
88817
62415
81962
61232
252
25648
67997
28757
28750
3434
68263
26789
65146
37624
64040
71742
81986
10292
34217
13735
65269
56663
91431
40041
661
40246
94296
57902
33094
22591
36287
28739
23832
65471
85429
47818
11254
7239
70669
80384
35061
37078
69329
57012
6143
10141
8533
36393
3324
53791
53743
52267
28362
6830
33226
90650
68063
45554
41528
34685
85336
84986
52937
67067
32860
32178
44786
6356
24860
98219
19010
23939
69131
58858
40389
79580
85496
30382
42925
21074
4298
45467
1646
37902
25781
15979
94590
54434
27210
55244
14162
32472
36052
30116
30421
93714
10019
46311
27730
20879
64012
17766
24103
83805
14288
40602
54205
95162
10181
80329
59246
53464
83461
80858
41483
92070
96501
99014
71380
19376
96722
66496
46861
41979
64808
81680
941
4573
83036
13332
22013
63443
63115
80526
43287
11122
83487
52037
55329
29971
75439
7972
5508
13061
97715
50871
34579
86694
95141
80378
81039
29692
11495
3507
34910
50928
18911
47697
46154
58689
6527
22369
30289
34573
58985
96731
98027
57196
16449
77489
95787
80543
56772
81826
88531
54774
6653
12016
84905
88053
87106
9447
41561
5803
21731
40505
82432
56309
94549
43171
11240
89149
19223
84338
94223
60022
85508
85935
38089
76008
21340
39902
61682
18775
63043
7837
89193
79548
20521
12958
72919
47512
95619
28010
8927
39651
77962
48956
76951
24870
69241
75243
4580
29943
12371
22281
56838
72861
94596
30963
54028
59732
62758
33386
8214
65914
57331
69705
14427
87630
17135
28306
17429
3934
83486
36658
51268
27625
78033
10553
94288
36626
3119
23479
9057
99997
52140
73099
63763
31221
627
92131
124
43203
72970
39755
33827
49343
89992
94060
67981
2437
79533
91601
36515
29964
86138
31167
19962
75345
40094
57212
69413
38084
1072
20019
26811
51957
24423
67086
91245
77377
24498
9351
39201
30932
82015
36931
72085
504
59593
28354
66325
72785
26999
77402
7020
33953
57011
9417
55926
84804
78739
70506
42745
69882
37212
73768
10880
97792
35900
90371
77345
65689
17626
31603
31016
57204
54700
68559
44836
32286
15068
47700
13306
13096
1426
77355
25470
20501
93927
78323
10945
69021
61019
53530
7713
80700
2667
2738
56067
18915
9118
60966
73868
69709
92348
67565
80012
66499
54748
56110
25783
15549
46128
38958
90690
23703
67719
20503
80233
69977
72060
57105
41898
96010
4899
75914
51439
91488
74449
96847
94621
75831
34683
6758
1204
75958
86570
84583
85535
2312
74995
82114
59480
53879
63906
94450
63301
26807
11681
58547
75982
83870
32007
58928
15841
12787
63682
85384
23080
59115
63697
19559
87461
49238
549
29727
81512
9532
83650
45625
11732
12761
51595
59281
40638
73976
14251
10978
97271
62907
95395
23139
93897
26763
898
43342
17392
9137
99421
59223
13221
15611
76582
16392
42021
29380
38721
82529
26532
19541
55299
25170
78108
4879
96054
10913
67970
96681
84924
79561
38032
55085
2961
49422
97392
87985
19714
7920
37488
96022
83681
58679
14483
894
43695
47663
95782
61017
30790
7550
52137
29470
96928
88426
67242
98542
99638
33777
64272
15056
5513
97738
2043
76829
44948
68941
90076
51669
77146
18729
50992
90453
93247
71748
30513
82018
79092
31729
43310
9636
19629
28724
52595
10303
74205
17178
36335
587
38915
59281
66055
1424
38819
67870
59594
43550
81127
91230
55035
56785
78789
93792
72142
82890
87613
83790
23842
3593
16992
86063
67083
53465
24062
66111
50475
84111
84679
99800
60358
74751
99045
20027
59594
564
88150
10565
94104
85204
54150
52672
75177
28116
70068
29927
22205
69826
70705
17502
76754
91564
97717
8634
48998
5916
15031
29898
65079
23360
12005
8218
99985
2796
11506
88674
36331
16335
41920
26453
61326
96986
16205
71010
5953
80962
98499
36444
3475
33939
30052
91896
28072
64451
1901
23556
9408
97209
70200
3853
77145
47345
34743
31739
53456
90163
79786
63707
86137
14143
1266
76648
57229
55415
78951
20815
71825
20051
10291
4316
54610
35229
36830
24742
3332
67844
33287
45985
21197
26103
16312
48392
96447
70684
13639
66469
35964
28747
88131
3703
78398
93796
70489
27128
68121
7182
4658
80870
60408
32
2
72482
48576
2356
97701
60058
47405
9308
29945
20210
16036
9746
65912
91208
56512
94537
18060
31033
51745
29561
91717
64035
95267
56245
88069
99923
99092
55729
44319
83496
65082
91146
14619
40023
23626
54389
33165
24524
28859
9924
28290
68245
10815
68405
65944
10362
84112
62002
62705
45364
12894
88797
40325
90663
27193
77608
89043
76032
56219
74882
32648
28016
68018
25603
88148
96831
64033
98532
53224
41586
98391
54719
18108
17426
40969
34466
96081
95776
88094
59942
86703
19675
93775
44768
45605
60243
31373
38253
78414
12816
41648
35387
28335
69776
25533
27889
8092
80153
72824
58889
59829
30974
58236
84799
19445
58524
76848
71760
41593
63532
75056
40646
45516
46948
29357
34217
4969
20291
42946
71348
9967
449
89448
62095
48043
39764
9716
22992
5753
64671
38794
52435
46949
29905
75802
82427
10462
22347
40839
82111
81443
51412
37045
42002
48106
57869
20599
66373
40374
45230
96504
45779
1692
16428
69609
11736
6966
17159
93716
35736
36311
43427
73001
28315
73138
37593
40640
13527
14930
68763
1994
596
8127
26448
66473
26127
24064
47660
23549
54875
46860
30554
24012
91645
37824
59920
18232
66961
57424
67529
70192
24818
16097
275
46514
98789
73899
1017
87562
74240
78725
49390
18064
6230
93884
8633
56765
47970
8542
6699
14829
87801
27046
52732
16064
26792
70644
7735
36315
75486
93994
72009
4736
39969
39454
34722
92430
89728
89522
39327
87405
13906
21628
18180
96979
88959
90388
48551
51681
64310
90657
7410
25747
45930
33365
22539
58616
81
46122
43045
85235
46014
53788
99013
23410
19841
5655
13286
37039
48964
21616
53957
50218
88430
49969
43043
3501
7499
95279
5982
45223
37906
79360
65523
62913
94059
28930
77438
3207
72964
50420
33481
34970
42293
45989
25191
76641
59097
29021
11140
32879
90109
4308
76782
23870
9286
77333
24148
48883
96826
600
23049
82221
62648
83384
28252
14433
20386
51005
90179
51445
4458
32446
49382
46081
92365
13970
30827
421
64267
31379
11537
38502
52628
9995
25723
30876
74937
96444
7130
53114
60125
23388
52242
66785
75195
45957
62469
63836
5223
5781
76361
30945
35998
77745
43132
19792
38455
51578
33040
24165
76272
78610
17702
67761
79415
17315
75125
39883
50520
96953
46460
27494
73003
557
98540
96515
94953
15923
62133
51957
45959
98475
64231
86486
27400
61156
6702
53855
27830
17584
83330
97285
15083
31887
8672
24175
94391
8278
66344
34836
53521
5879
82145
14247
14331
13503
52072
49449
19064
5693
15947
40587
1753
64294
36457
99428
85840
29653
81280
31448
4538
93480
30034
66486
45119
35633
44673
20202
63852
13419
76123
71737
38073
77716
36341
66370
50226
40929
29564
28720
55742
5137
11722
17966
81490
32968
6470
15493
64607
37386
14098
52471
60078
85726
86852
2478
38910
8200
11477
72097
63604
81931
51302
20617
65893
93941
38666
55525
19590
73466
90814
77337
89329
6743
26483
35508
49964
65864
46552
29304
52270
99306
99864
74512
44780
51042
41009
56464
9113
53866
14059
59516
64745
40752
92972
58908
22747
82331
88927
28442
78761
44563
12910
77858
42758
52759
57756
68014
69350
9926
21178
70237
56594
